0 0 0 1356 579 130 119 2
0 0 0 890 872 301 145 2
0 0 0 884 766 263 117 2
0 0 0 807 617 288 111 2
0 0 0 802 544 229 82 2
0 0 0 814 481 214 86 2
0 0 0 1346 306 165 74 2
0 0 0 1517 387 175 103 2
0 0 0 1549 821 88 108 2
0 0 0 678 1031 203 46 2
0 0 0 576 655 275 173 2
0 0 0 557 556 243 134 2
0 0 0 520 393 202 126 2
0 0 0 523 342 188 110 2
0 0 0 716 367 214 81 2
0 0 0 705 310 202 70 2
0 0 0 505 230 171 97 2
0 0 0 504 201 158 60 2
0 0 0 488 156 159 72 2
0 0 0 482 122 156 70 2
0 0 0 651 150 167 75 2
0 0 0 189 90 158 37 2
0 0 0 797 2 119 39 2
0 0 0 840 34 98 24 2
0 0 0 861 53 169 66 2
0 0 0 224 186 97 180 2
0 0 0 245 509 94 288 4
0 0 0 69 237 141 106 4
0 0 0 109 802 146 105 4