0 0 60 908 872 282 145 2
0 0 60 886 762 260 129 2
0 0 60 815 607 277 122 2
0 0 60 803 548 230 84 2
0 0 60 811 478 220 88 2
0 0 60 716 364 209 80 2
0 0 60 714 311 194 69 2
0 0 60 648 155 172 64 2
0 0 60 486 133 153 52 2
0 0 60 488 165 155 56 2
0 0 60 501 199 160 60 2
0 0 60 511 236 162 85 2
0 0 60 527 346 186 94 2
0 0 60 522 393 195 111 2
0 0 60 560 552 241 144 2
0 0 60 573 653 272 172 2
0 0 60 670 1028 211 51 2
0 0 60 1341 567 143 134 2
0 0 60 1551 810 76 118 2
0 0 60 1504 390 170 100 2
0 0 60 1346 295 163 87 2
0 0 60 857 54 174 70 2
0 0 60 875 34 88 23 2
0 0 60 842 25 90 25 2
0 0 60 799 5 115 41 2
0 0 60 195 86 154 44 2
0 0 60 221 172 103 192 2
0 0 60 248 499 99 320 4
0 0 60 100 795 162 124 4
0 0 60 69 233 144 110 4