0 0 1500 901 875 301 138 2
0 0 1500 880 759 277 128 2
0 0 1500 813 615 286 119 2
0 0 1500 808 548 225 85 2
0 0 1500 815 484 224 90 2
0 0 1500 731 369 204 77 2
0 0 1500 716 309 204 74 2
0 0 1500 651 158 187 66 2
0 0 1500 480 125 167 62 2
0 0 1500 493 200 176 55 2
0 0 1500 498 237 188 83 2
0 0 1500 523 346 196 96 2
0 0 1500 506 397 223 124 2
0 0 1500 554 554 252 141 2
0 0 1500 575 661 285 164 2
0 0 1500 689 1035 195 44 2
0 0 1500 1350 565 144 135 2
0 0 1500 1574 823 73 97 2
0 0 1500 1521 398 166 91 2
0 0 1500 1331 298 191 75 2
0 0 1500 868 59 167 58 2
0 0 1500 867 39 122 33 2
0 0 1500 843 27 118 41 2
0 0 1500 805 1 123 42 2
0 0 1500 185 85 171 44 2
0 0 1500 227 182 97 178 2
0 0 1500 246 499 98 307 4
0 0 1500 106 793 155 116 4
0 0 1500 62 226 152 112 4
0 0 1620 638 186 165 76 2
0 0 1620 732 206 20 14 1