0 0 0 651 1032 252 46 2
0 0 0 895 872 306 141 2
0 0 0 873 766 279 121 2
0 0 0 583 669 275 154 2
0 0 0 555 555 245 133 2
0 0 0 815 609 280 124 2
0 0 0 809 540 214 91 2
0 0 0 808 477 228 79 2
0 0 0 512 390 212 131 2
0 0 0 533 350 181 95 2
0 0 0 722 365 203 85 2
0 0 0 712 311 192 62 2
0 0 0 518 231 158 93 2
0 0 0 510 190 150 67 2
0 0 0 501 129 135 62 2
0 0 0 659 160 160 60 2
0 0 0 1359 570 127 134 2
0 0 0 1574 824 71 93 2
0 0 0 1519 415 169 70 2
0 0 0 1350 296 166 83 2
0 0 0 863 51 171 75 2
0 0 0 877 42 86 19 2
0 0 0 848 31 110 29 2
0 0 0 805 8 124 32 2
0 0 0 197 89 149 32 2
0 0 0 225 179 105 185 2
0 0 0 238 508 108 301 4
0 0 0 111 795 143 106 4
0 0 0 54 230 159 117 4
0 0 600 508 157 149 64 2
0 0 600 581 174 15 12 1
0 0 660 447 278 39 75 1
0 0 660 1173 514 148 159 2