0 0 420 202 85 37 21 4
0 0 120 909 873 284 142 2
0 0 120 879 763 270 140 2
0 0 120 820 611 275 122 2
0 0 120 798 544 233 92 2
0 0 120 812 472 220 105 2
0 0 120 717 371 208 79 2
0 0 120 712 313 197 69 2
0 0 120 646 161 173 64 2
0 0 120 492 128 137 57 2
0 0 120 489 165 157 56 2
0 0 120 490 202 182 59 2
0 0 120 495 237 188 89 2
0 0 120 526 340 177 96 2
0 0 120 513 392 213 112 2
0 0 120 554 552 246 143 2
0 0 120 574 659 276 168 2
0 0 120 651 1037 238 39 2
0 0 120 1338 569 147 132 2
0 0 120 1548 797 86 148 2
0 0 120 1510 394 175 92 2
0 0 120 1341 294 179 89 2
0 0 120 855 59 180 60 2
0 0 120 857 42 125 28 2
0 0 120 843 28 126 30 2
0 0 120 797 7 125 29 2
0 0 120 188 84 163 46 2
0 0 120 210 182 116 189 2
0 0 120 239 499 111 314 4
0 0 120 105 793 154 116 4
0 0 120 70 245 137 90 4